     Tarsus
2      16.8
12     15.7
32     17.9
69     15.0
70     15.4
73     18.9
88     18.2
93     16.8
94     17.7
95     17.9
96     18.0
111    16.2
116    17.3
121    17.5
122    17.0
137    18.5
140    16.5
149    17.7
1258   19.1
1259   19.0
1262   18.3
1263   18.3
1271   17.3
1274   17.8
1277   18.2
1281   17.7
1282   17.5
1286   18.3
1287   17.4
1290   19.1
1294   19.5
1295   18.9
1301   17.0
1319   19.3
1323   18.6
1324   18.2
1328   18.2
1340   18.3
1341   18.9
1354   18.0
1368   19.4
1370   19.0
1377   18.6
1378   18.2
1387   17.5
1390   17.9
1391   16.9
1398   18.8
1399   18.5
1403   18.4
1404   18.2
1426   17.6
1430   17.7
1431   17.3
1437   18.0
1504   19.2
1508   19.0
1520   18.3
1521   17.6
1522   18.7
1532   19.3
1539   18.4
1545   18.1
1548   18.3
1556   18.3
1591   18.5
1608   19.4
1619   18.1
1622   18.0
1627   18.1
1636   16.8
1644   17.7
1666   18.6
1676   20.8
1686   18.1
1687   17.0
1692   20.0
1693   19.6
1698   16.8
1699   17.3
1700   15.8
1708   19.5
1715   18.5
1721   17.6
1724   17.8
1733   19.8
1740   19.4
1743   17.1
1744   17.1
1754   18.5
1757   19.3
1758   18.4
1759   17.8
1762   18.4
1763   19.0
